1241820975
42467896
42488717
42470396
42445382
42484045
42858251
42876356
42876360
42876345
7761773581
42924408
42718430
42757424
2858414628
2858414627
42719957
42529305
42494003
42512488
42512488
42470916
42470917
42470895
42470895
42433298
42506522
42732129
42503956
42503956
42521949
3326202707
42489250
2063042719
42427844
42429184
42427780
42429104
42429212
42434722
42477289
42477289
42447412
1241820956
42448828
42426931
2700932413
42465234
42446959
42445914
42440153
544352735
544352735
42507824
42507824
593886227
42478436
42491688
42466977
8191650324
4215695768
42858748
42836575
42421809
1061531631
42428737
42428674
42428725
42435596
42428061
42820459
42820459
3160141327
42820455
42820459
42443353
42427915
1061531454
42428782
42438362
42429242
42429242
588546882
42428345
42431617
42763478
246901366
42428689
1061531818
42430271
1061531654
42854743
42843861
42843861
42843861
42843861
42866274
42866274
42856667
42433927
42466034
2282434869
2295423346
42508965
42508971
42899428
42899428
42899428
42901141
42466432
42478432
42464834
42466126
1372888646
42465404
42465425
42465421
42487605
42487597
42487605
42512728
42501872
42501872
42524170
42502879
42842953
6270647793
42912382
277031447
42911782
42865493
42936401
42912380
42861090
42912447
42886773
42910013
42910013
42826496
42826496
42823815
42905363
42899428
7856999681
7856999681
7856999680
7856999680
42822563
42811765
42822572
42865497
280866641
1412695521
1256670627
277787662
42791433
4575780105
42899428
3216974460
42866340
2711571352
2711571356
2711571364
2711571360
2711571366
42876306
42899447
42826496
42811768
42912417
7856999680
42912380
42899233
42822563
42439955
42433545
42528031
42822596
559846492
42837155
5102126998
42886904
42860659
42921656
42844301
42844301
42470156
42512644
42512634
42512622
42512634
42512641
42512658
42512658
42512650
42512641
42512652
42512650
42475651
42512644
42512652
1257569981
42516737
42496235
42514785
42513041
42511521
42511521
42516695
42515050
42516713
42474549
42477768
42477768
42515050
42513041
42511521
42516721
42473569
1942054213
42516741
42516695
42511776
42516741
42516689
42511521
42516737
597728004
42475929
42516672
42516672
42470082
597728004
42505576
42499854
42486817
42465072
42505576
42515994
42470082
1504153626
1504153626
2024825495
42464859
42464856
42464866
42501208
42464856
42464864
42992313
42992313
43012110
43012110
7762112532
42473408
42473408
42443280
42428653
1061531757
42428640
42428634
42428634
42442432
1061531787
42443336
1825841742
1061531685
42435275
42435275
42435275
42435275
42443353
7106818626
7106818626
42428682
42428674
42428661
42428653
42421803
42421769
42427915
42435283
42424225
42427915
42427915
7802856356
42435257
7802856349
42427915
7106818626
7106818626
42443353
42442480
42442480
42443329
3718672443
1061531707
1061531634
1061531683
1061531603
42443344
42421972
1061531777
1061531685
1061531608
42442451
42428674
42429334
42429324
42429314
42428653
42422592
42422592
42442469
42442463
42442463
42440397
42447105
42446021
42428701
42428709
42428716
42428746
1061531654
1061531654
595314104
3579432156
42428799
42428814
470209120
1506599377
42421741
42421737
42425570
42435323
42435317
42431447
7106818627
7802856352
42428579
42932725
1061531695
42438862
42443388
42435359
42435359
42442569
42435359
42435743
42437177
42434905
42443264
42430052
42437433
42437433
42504031
42494845
598050847
42469606
42504024
42521949
42481025
42469614
42497727
42504031
42481022
42469612
42469612
42517021
598050852
42470360
42470360
42504024
42469614
42500046
42478376
42478376
42500046
42740742
2481854461
42730724
1348856224
42871386
42473289
42989136
42989136
42488067
1192067400
42435844
42436492
1241820953
42825868
42825868
7762059068
2063038040
42892937
42430217
42442952
42442952
42430358
4321748237
42882996
42882983
42882996
42882987
447759483
42432598
561035372
42428961
4347550074
62915549
62915549
42437371
9019680388
9019680388
42437371
42437368
42437368
42435663
42435663
42437363
42437363
42428287
42430333
42430333
42449945
42445916
42437358
42437358
42445916
8122411159
42446959
248708582
42449945
42442937
42455929
42442937
595105538
2757350458
42806744
42870955
2757350471
2757350471
42786950
2757350502
62915525
42453555
42813191
42884266
42850723
277482344
277482205
277482205
277482212
277482212
731930601
731930601
42475790
1123920887
42453000
42442937
42836796
42865068
42865062
42865059
42747630
42720202
5915005669
42497591
42436149
42431505
4557517554
42445558
42445543
42468744
42449597
588546798
42516051
42486600
42516051
6979088367
6411331104
6411331104
6411331104
6411331104
42434807
42887958
42887958
7849626873
42833856
7849626873
1256670627
42945197
42446622
42444271
42443612
42438963
42432961
42890827
42890827
1506599378
6868145381
1332860726
561035350
8828140387
42428049
42456076
276385544
42821253
42821253
42896918
42444353
42980434
5043804680
4593885941
42965730
4517182496
447764059
447764063
6782478339
447764078
447764931
447764087
42978160
42945225
42945225
4407796037
42989587
42988527
42968788
42953457
2546938019
42989454
42989448
42961795
42953203
42977944
42989443
42989418
42989418
42955281
42989388
42989388
42980600
42958579
42989319
42988255
42989406
42989371
42958579
42958579
42964673
42989413
42989343
42989343
42971813
42973801
42989323
42989330
42983631
4913659400
42989326
1934649353
1934649351
42965730
42989311
42989302
42973180
42989293
42971282
42999447
42952774
43006145
42981440
42965522
43006225
42979474
42952775
43006204
43006195
43010520
43012294
43010231
5043728620
5043730444
43025971
43008975
42958267
43007950
42958318
5480649774
42943867
42990914
5979174116
5979174116
42952704
42952704
42978363
42978363
42978400
42968902
42978374
42978374
42978378
42964909
42974867
42943580
42971521
42945857
42965620
42965609
42965609
42965584
42965584
43000273
43000273
42965688
42953288
411548447
42949762
42949762
2494289964
43014377
3552373495
42979002
42986884
42979005
42964710
42983623
42982360
4202722664
42482636
2328480917
42504961
2328478297
2328478297
42504956
42504956
2302163468
42475882
2282434873
42434807
2757485463
42904285
42869352
42827300
42925332
42884225
42876306
42811768
42811768
4521706008
42865538
42799854
5849918504
1506902240
42446622
42446622
42453934
42438155
42438155
42422038
42428391
2821304138
2821304138
272195270
272195270
2821304136
2821304137
2821304136
42428402
272195271
4521705995
42428411
42428408
42428405
42428428
42428428
42428425
42428420
42428436
42428444
42428441
42428438
42449589
42428468
42428468
42428454
1692433919
1918039880
42457319
42428447
1919595915
42428493
42428493
42428476
42445867
42445867
42428201
42428201
42428201
6223969260
42430292
42428264
42430304
42430304
42432929
1506445762
42484420
42490071
42490071
62915514
42440001
42440001
42432585
42435684
42440163
42440170
42430704
62915521
62915516
5852272391
42449956
42446991
42445928
42440153
42430358
42430356
42432580
42438881
42438889
42438891
42438894
62915536
42430698
42432594
42432589
42440015
42440015
42440012
42440009
42440025
42440022
42440022
42431549
42431549
42430394
42430394
42430394
42447020
6177439752
42445953
42445950
42445953
42424672
42424672
6176483595
6176483595
6176483595
42436519
42436519
42882817
42844301
43008975
43014092
42965137
42888672
42888672
42908517
42908517
42932492
42481520
42509147
2282434883
42534001
42531607
42516224
1257570381
42512661
42874060
42910587
42912771
42832999
42832999
7680510030
42931425
482654674
7829697983
279609722
597443942
42839122
42800986
42846147
42823926
42816039
42816045
2089938099
2089938099
7726542700
42479680
7661770917
1064257394
42846331
42846331
42855092
42855092
42842479
42842479
42910587
42874062
42874628
42874628
42877856
42877856
42874628
42874628
42874636
42874646
42874062
42874065
8494565060
42445585
7732243573
42848226
42848226
42874062
42856556
42856556
42882996
42882996
42824162
42824162
42920892
42861161
42807735
42846200
7659211687
42904429
42904429
42885769
42885769
42920407
42917830
42917830
42908911
42908911
1927807845
1927807845
42917872
42917872
42920217
3785669472
42849753
3573447508
3114612553
42817469
42439440
42443680
42445899
42434948
42445910
42432438
42445917
42434074
42445928
42436701
42445947
42445950
42448317
42447009
4288677093
42424089
42517630
42814717
42814713
5137382125
42436624
42811765
42869366
42869366
42822499
42821858
42822517
42822504
42822572
42865493
42822522
42822520
42447182
42447182
42446177
42443085
42874074
7773558881
42510827
42510827
2317413073
42467702
42463221
42463221
7167606522
42493964
42941372
42841368
42935693
2582668920
42887664
42811266
42802488
42802488
42835211
42890290
42871855
42871855
42810675
1024610116
42854107
4521705996
42856922
42857008
42857008
4521705999
4521705998
42819142
42813568
42896358
42811248
42856866
42856870
457328364
459998339
7870075190
457334972
457334972
457330438
457330438
42802052
42802052
7870075188
42465102
2566334944
42478853
42505527
42505530
42902896
42916360
7761532362
42478390
42469617
42469617
42469617
42499361
42470369
42490932
42469621
42470439
42495188
42495188
42523739
42469621
42470373
42479649
42516533
42916360
42934477
42870698
42934477
42469651
42469624
42469637
42469645
1123920887
42469633
42487567
42487583
42487583
42487583
42870698
42810957
42806601
42874059
42833250
42872077
42833309
42849722
42988482
4202699690
5031286591
43009899
42959883
42988317
5031288126
42474733
42512814
42512810
42512797
42512791
42512824
42512787
42512772
42512807
42512783
42512780
3514016522
42512766
42526516
42476485
42825882
42825879
2302476358
42815780
42448693
4597668032
561042190
42467231
42489119
42489119
42466189
42465292
42465292
42485383
42465284
42465284
42465279
42465296
42465296
42465296
42476123
42476132
42466655
1691133771
1691133771
5320587912
1691133691
1691133686
42472392
42465294
1691133774
42487583
42510722
42510722
1691133695
1691133686
42484753
42476137
1691133774
1691133728
1285521535
42466655
42497598
42497598
42492219
42478113
42468449
5540390266
42497624
42497598
42492219
42492231
42429844
42428368
42520492
42520492
42512821
42512821
42484520
42484520
42508446
42508446
42512821
272195271
42866657
42882975
42882975
6450790583
42849730
42844437
42996772
43011912
43011912
42965154
42965162
43014108
43010763
43010763
7070658836
42870273
42926712
42811435
42818528
42436393
42429630
42453417
42431626
42436336
42435596
42436355
42436371
4207862998
6211334202
4492821528
4443775465
42435633
42435603
42427381
42435624
42435629
42435645
42435650
42435654
42436544
42445232
42447126
42447105
42436917
42447132
42431678
42447076
42437433
42446987
42431654
42436516
42443614
42446994
42444049
42446935
42445411
42446932
42446986
42432444
42445656
42432444
42446942
2302133933
42446270
42442957
42434090
42442931
42423020
5131026388
42442898
42442891
42442877
42440737
42875029
42859276
42892567
42892567
42911256
42864913
42864913
42815682
42843031
42919158
42858317
42815682
3324555215
2448174804
6412905260
42836272
42809637
42911253
42911248
3324555220
42842609
6163935040
42876338
274304552
5104280319
42866632
42897727
597443933
42807758
106134113
2444961874
42849138
482654674
42803880
42849138
42931425
42838561
7829697981
7680317016
274419003
1064257396
42882916
1064257403
7829676386
8289455001
42856744
1064257403
42846331
1064257394
42869664
274304552
7829676387
1064257387
7762059062
1064257383
7761782205
42807275
42865251
42865249
42807275
42928922
42909705
42843229
42876345
42870470
42898067
42856744
1064257414
42842605
42839122
42846760
7659616012
597443959
42912776
42905218
42802627
42808162
42897243
42866526
2063038040
42833057
42833057
42926468
4679523591
42926712
42926712
42811435
42811429
42811429
42811423
42811423
42818487
42817377
1927807845
1927807845
7762094064
7762094072
7762112544
7762094070
7762094069
7762094071
7762094068
7762094054
7762094061
7762094067
7762094063
7762094062
7762094059
7762094060
42428373
7762094058
7762059070
7762112545
7762112551
7762112551
1904847201
3324555175
5118652113
42843726
42843726
42909426
42849722
42874057
42874058
42828985
42828990
42852593
42852590
42852307
42852311
42825422
42841738
5528117894
42820546
42901095
42941954
5328215082
42807081
7705260083
42793045
42809589
42844264
42807081
42444457
1242159811
42438784
42440710
5588040142
42898067
7762059062
7762059058
7762059068
42859578
42806293
5515778074
42842042
42893827
42889908
42822751
42822787
5137382100
7778426702
42814613
7770964257
7770964257
7775603890
6288749092
7778426702
5137382067
42430154
42430147
5216470727
42430136
42452817
42431611
8840333851
42430164
6026914295
5142961398
279178454
42927889
42930162
42806300
3581242893
42785909
42909684
42923384
5515778103
42444458
42743968
42748139
562073884
42846322
7680474024
42846322
482640611
2439690425
6635807279
42896046
42810468
42810468
42824405
42843332
42826042
42843332
42826042
42826042
42826042
42818504
42874050
42789116
42855368
42883038
42866652
42873480
42927315
2313537249
42820284
3788223733
3788223732
3788223700
3788223733
42854796
42927315
42865332
42798314
4207924109
42854793
42856178
42854793
42865334
42865332
42793802
2555880217
2555880217
7768209826
4209678993
42869117
42853761
42853761
43001973
42986331
447592166
42953929
42866664
42861179
42818549
447760277
42989834
42888656
42981563
42833321
42833321
42867054
42828674
5155200018
42906454
5155200018
42867054
42867054
42889292
42889301
42828674
42828674
3261568113
42801084
42889285
5155326530
42879887
6509062988
4202594033
4202594034
42873790
4202944830
7847565630
4202944850
42922521
42806116
42789896
5146436900
2700932407
42923384
42847747
42803174
42928942
42889436
3564408922
3564408922
42815687
42871581
42868361
42843551
42787292
42787292
42868361
3326202703
2757013494
5396155898
2810212550
2700927458
2757013542
3324555231
2757109803
7858774410
6416646144
2757013517
7721324056
42828893
42808150
42865321
42927889
42808153
2548127560
42869213
42869244
42903523
42787961
42520377
2987758879
7725544399
42516607
42486604
277029704
5137382097
772812121
42445390
42445390
42430255
42430241
42430235
42430131
42978248
42435802
7762260252
7762140490
7762260237
6390471608
42443618
42456041
42748701
42736818
42736818
42748701
42732035
42769214
42759392
42738726
42757066
42774867
687972885
3640921768
563563924
42728223
2323882743
5162100087
42750108
42754017
42501277
42505492
42501294
42505492
42505500
42513726
42486742
42505479
42499830
42499830
42496653
42489091
42506750
597700357
42496768
42504158
7860769302
597700359
42888403
42486796
42489091
42496779
42505500
42486796
42496779
42496779
42496762
42505492
42486774
42486774
42496752
42496752
42504145
42490298
42490298
42496779
42517070
42486742
42496649
42505507
42517074
42504156
42490298
42747928
42753533
5334872934
42718430
42753509
42731513
42731513
42759203
42757384
42749618
42757387
42768972
42768972
42748322
42748322
42768960
42768980
42737272
42781851
42781851
42430292
42430304
42749618
42427423
42430352
42430329
42430317
42430347
42430279
42427797
4347550074
42430371
42430338
42430390
42430363
42430320
42430342
42430333
42430333
42444458
42444457
42444457
42750278
42761019
42761019
42750288
2826899798
42750288
2826899798
42756063
42764615
42746069
6415815555
42761063
42761259
42776431
6395375453
42776441
42776431
42776426
42760879
42748439
42735952
42740977
42757847
42748439
42741073
42739205
42766989
595491777
42767023
42750218
42741073
42741073
42748414
42773348
42734886
42759838
42735916
42768613
42775429
42767023
42765990
42767023
42438772
42746080
42766971
42766971
42766971
42773346
42741030
42735954
42748196
42769499
42768613
42757635
8341566751
6977426150
6841904877
1852181204
1852181199
42761193
42778155
42740977
42768613
42753842
596400152
42760335
42737347
42737353
42744052
42744056
42744044
42744049
42744044
42744619
42744608
42744608
42744608
42730890
42730890
42739395
42744608
42744602
42744602
42744594
42744588
42744588
42744564
42744594
42744564
42744557
42744552
42744557
42744552
42744542
42739377
42744526
42730890
3372618940
42730890
42739407
42739395
42739377
42739377
42745367
42739411
42739428
5362300053
42739418
42739428
42756787
42756763
42752307
42768988
42756754
42768988
42745367
42756763
42745367
42745367
5175611189
42767864
42775599
42775599
42734696
42734696
42738504
42745695
42775599
42768192
42768192
42756793
42756793
42775603
42744624
42745371
42745371
5859986416
42761379
7206190500
1504153604
42747896
42747896
42747886
42732788
103116143
5177463521
5549244490
42732586
823951494
42728680
42741759
42730691
42741781
42730691
42730691
42741804
42730691
42730691
42730691
42741804
42772009
42772009
5412918342
1345484408
42775566
1345484408
42730875
42744532
42744531
42765445
42741794
42730836
42734532
42730842
42741794
42730842
42730700
42769147
42741781
42741781
42769142
1348724169
42771994
1348724169
42753583
1348697715
1348697715
42747097
42743903
1348698116
42744660
42730868
42730868
42739004
370880739
42431898
2821304143
42457925
42816408
42870055
42921997
42921128
42915996
42901095
42906560
6154781509
42846565
42921997
42846565
42826545
42853348
42894790
42856851
42897111
42894087
5396265665
5396265663
5396265654
42858829
42853348
42903445
42903445
42880238
42856851
1024610116
42856891
42856895
42845142
42845142
42854107
1024610116
4521706008
1024610116
4521705997
1024610095
4521705997
4521706002
42861099
42869366
42869344
2141026510
1348849384
1348849384
42446488
2987758886
42479382
42479382
42479403
42479402
8896031641
42490479
42489066
597728024
42739062
42730431
1346529277
42741849
42730431
1346529277
42741871
42741871
42740731
42759089
1348849358
1348849358
42522529
42506002
42487939
42491331
42522525
42491331
42522525
42512923
42460985
42522529
42490889
42490889
42512380
42512380
42478678
42491314
42506002
42512380
42491314
42512923
42465503
42487508
42461040
42465332
42465332
42774298
42774252
42751317
42743399
42751317
42774298
42769214
42729919
42741167
42766701
42766701
471288579
471288934
42725375
42751300
42727107
42727107
42725386
42742578
42515683
42515709
42469980
42497237
4202467337
42475356
42530288
1942053943
42515792
42468624
42515792
42468624
42472098
42472058
42472058
42472058
42472093
42472108
42488408
42475356
42471133
42471133
597728146
42470380
42487095
597711097
42496361
598033006
42476382
42491149
42523544
42467828
42513657
42496361
42476811
42490315
42490315
42493912
42493912
42493912
42493912
42485035
42485035
42499504
42499504
42499504
42473289
42486667
42509420
42497892
42465069
42476347
42477962
42512759
42505605
42479966
42479678
42489130
42489125
42534504
42484719
42465503
42465503
42487508
42465503
42477101
42534504
42477101
42534504
42534504
42473485
42473485
42526041
42460999
42460963
42460963
42460999
42460963
42460979
42460979
1955950218
42460996
42461003
42461007
42461018
42461014
42461020
42487410
42465561
42477161
42509542
42477161
42509542
42483674
42472108
42472058
42731800
42774306
42463007
42460162
42468615
42468615
42494095
42497249
42494095
42472074
42497255
42475608
42493962
7964524505
42502225
42472093
42468690
42468690
42489275
5391643312
42489275
42481847
42523396
42489258
42489275
42489258
42480745
42489275
5022348047
42489263
42489263
2356694556
278630910
42464823
1372888911
42497788
42466290
42501868
42470373
42464905
1372888911
42491627
42488442
42488442
42466290
597728148
1372888639
42465234
42484806
4487203991
42465236
42491627
42477230
42489027
42489027
42489027
42501886
42501886
42501868
42492314
42453246
588191843
3099326120
42453246
3099326120
42521029
42467761
42493998
42521029
42531055
42473115
42493995
42524253
2800213207
42493987
42473097
42531839
42531839
42473125
42473125
42475190
42475190
42495641
42495641
42485133
42515538
42499721
42515544
42478643
42511414
42471117
42495636
42495632
42495632
42488237
42488236
42488237
42470889
3216974460
42512579
42471117
42467334
42467334
42491883
42491880
541999541
597728152
42476302
42476294
42468645
42476302
42476300
42476297
42476297
42467069
42472191
42472191
42468645
42510963
42510963
4202932334
4202932334
1348724129
1348724129
4202905066
4202905066
4202905066
4202905066
4202905066
4202905066
42915996
42929674
42936979
42816410
42815132
7773558881
42475851
42485788
2282434938
2282435294
2282434961
2282434938
2282435078
42497307
42460956
42508662
42509545
42487932
42509545
42461020
42460984
42520984
42520984
2317435546
2317435548
2317435536
42460606
42530678
42475364
2317435537
42530678
42526070
42496574
2620907644
42474517
42474517
42502253
42505090
42505090
42520973
42494669
42520973
42476251
42496570
1942054062
1942054045
42496570
42494669
42481693
42476251
42496570
42494660
42481693
42494664
42494660
42494669
42526070
42497366
42494664
42499262
42521072
42526068
42510355
42481693
42496563
42496599
2282435302
42522015
1942053881
1942055079
42530703
1942054078
42530703
2282435304
598622280
1942055038
42502253
1942055134
1942054899
1942054899
42484689
42520333
42499253
42484689
42530739
42514050
42494660
42494664
2317413065
42493668
2317413061
4209548147
42818131
42928903
4224536022
4224536022
42464995
4224536022
42465002
42465002
42514404
42464985
42464988
42464975
42464975
42464979
42479621
42526050
42526050
42533000
42524917
42518580
42535067
42486250
42471098
541999373
42533546
42471103
42479634
42490216
42479632
42474987
42490212
42481965
42481965
42481968
42481965
42501880
42479610
42481968
42467079
42520764
42481968
1970262955
42506680
42526048
42522973
42520289
42524144
42464967
42497832
42464967
42489038
42520273
42489038
42523755
42501249
42501880
42523755
42520247
42520251
42486640
42524173
42473615
42481637
42481637
42473610
42464855
42479627
42474644
42469036
42469045
42469045
42469547
42472449
6202075173
42493786
42484002
42484002
42472516
5743899446
42472516
42484000
42484000
42484000
42484000
42483997
42483997
42483994
42483994
42487666
42487666
42469547
42484004
4205909318
42480428
42495601
42474644
42504627
42504627
2356694563
42505106
42505106
8128133603
1942055203
6955531212
452385599
7415580071
42488236
42488236
42464960
597728153
42774306
42443561
2089937970
2089937969
277031027
5173032600
277630082
6336148022
5329773026
277030787
42468981
42491730
42468981
42468969
42468969
42512322
42512322
42501622
42512322
42512322
42501622
42481730
42515374
42501976
42501976
42512276
42516982
42516982
2282435319
42512276
42475851
2282435319
42479740
42491739
42491734
42472052
42502496
42520355
42481730
42481733
4734570575
4734570575
4734570575
4734570575
4734570575
4734570575
42820526
42820550
42501588
42490803
42521741
42521741
42512290
42466834
42512284
42466834
42466834
42501968
3502364222
42524024
42525473
42468132
42523965
42523965
42523965
42460217
42535383
42460217
42535383
42466799
42526691
42480491
42533678
42519610
42468108
42460243
42433537
42433537
42433542
7480301986
42440785
42497336
42490015
42739367
42739330
42739327
42739373
42746448
42746448
42722112
2141026493
2799368116
42444452
42444453
596776654
3099326127
42429532
42439887
42451564
3099326124
3099327955
2141026532
42439887
2141026532
2141026515
42429536
42439878
2141026551
2141026508
42436728
2141026503
42439861
42439861
2141026503
42434113
42434113
42439588
42439588
42435844
42435844
42435844
42443116
42443116
42443116
42448141
42446190
42429530
42514448
42514448
42514448
42514448
42506522
7725544399
42516607
42527806
42527806
42479281
42479281
1918039901
42432308
1918039869
42437589
3212472963
1773076513
42437589
42437580
42437962
42449874
42444833
42449874
42453158
1919595923
486868873
42453613
42437354
42453160
1919595921
42437349
42437349
42440401
42453604
1919595929
486868830
4841945995
1919595928
42427324
42437608
42437618
1773084407
42437333
42437343
42437343
42455867
42437339
42430857
42437949
5837088104
1919595917
5799117240
42448558
42430818
42430828
42457728
42439823
42431497
4320028826
42430249
42430253
42421889
42439823
42430253
42490015
42434352
42437949
42421877
42432191
42439070
42430237
42501946
42433286
42497326
42497326
42492557
42497339
42769660
42769660
42769657
42769660
42762376
42762376
1348430859
1348430859
1348365654
1348365654
1348365654
1348365654
854833092
854833227
42738549
42738549
42430938
42455181
42434233
42455013
42446571
42430938
42446571
42430942
42421828
42444833
42453158
42430938
42430924
42430924
42454997
42431470
42454994
42436942
42440737
42440729
42436941
42440729
42430886
42440729
42430886
42445558
42449017
4597668041
42815946
42815946
42896911
42855368
42896911
3530981357
42768056
42458342
42447199
42435395
42446161
42446161
3099327952
42450071
42450071
42450071
42435805
42437174
42437174
42435387
42437177
2141026506
7620445877
2141026506
7732243563
42435763
42435761
42447336
42445219
42447330
42447330
7732243563
42432929
42435805
42435805
42445649
42435657
42445649
42445769
42436427
42435596
42430805
42445702
42431614
42437018
42440721
42446533
7490266268
42440754
42440754
42440754
42436582
42446925
42448707
42436582
42448693
4597668042
42448701
42448701
42436586
42448701
42429918
6572026580
42451787
42455897
42448707
42442898
42434974
42455933
42452882
42449918
42445413
42449928
6279091713
42435624
42435644
42435644
42429659
42427374
42430265
42437280
42437018
42439272
42437881
7372860100
42443680
42427786
42445404
42437644
5131026388
42436489
42436489
42446021
42436489
42438805
42448238
42429694
42430068
42446016
42446472
42450015
42450015
42450015
42436484
42443027
42432929
42453226
3099327966
42444458
3099327955
42442128
3858909357
42444452
42438774
3786728678
42422110
42443085
2141026499
2141026499
42437211
1778676708
4016646214
42435346
42479277
42479277
42509216
42527665
42518609
42527653
42527653
42432961
42439588
42453236
42432956
42432957
42436726
42439598
3099327975
42432949
42432949
3099327968
42448979
42435957
3099327951
2141026504
42435856
42435856
4163940359
42439858
2141026538
42825551
42825546
42810750
4205169122
7761392169
42849488
42895020
7761426952
7761392167
42817856
7761426952
7761426941
7761426952
7761392173
7761392160
7761392180
42819720
7761392150
7761392179
42434262
42434262
42432963
42434255
42432963
42432963
42432963
42432967
42432970
42432974
42432980
42432980
42442645
42434340
42434340
42432861
561035361
561035361
42428931
561035363
561035361
42428936
561035365
42428944
42424439
42443381
42436985
42424439
42443381
42442514
1061531790
42423564
3786901743
3097967075
42744624
6223908633
42744624
5137382069
42465062
42958859
42958859
42981304
42439673
42439673
42439802
42439673
589927879
589927943
42432889
42448506
2141026523
42731002
1764776464
1764776464
42731033
42731033
42731023
42730999
42733852
5296140994
42731002
42427136
42466799
42526691
42486091
42486091
42521217
42538434
42517359
42517359
7762112543
42876339
7762059053
7762112543
7762260237
6450790583
42430942
42819692
7762112549
274304552
42876339
42819692
42870470
42876345
42870470
42870470
42870470
42875466
42847895
3569858112
7762140490
7762094065
7762059056
42835623
3805380207
42874672
42874646
42866066
42839117
42874650
42807755
42874669
42874650
42874655
42874672
4960159923
42874661
42846206
2447703172
482663674
42883157
42883157
276314947
42818784
277030060
2089937993
2757168838
42835415
42860202
2757013650
2757013588
3324555230
7721324056
2757013518
2757013517
42822313
2757013520
42822319
42822339
42822334
42822341
42822388
42822328
42822345
1907661691
42822364
42822375
42822370
42822358
42822401
42822413
42822421
42822434
42822445
42822472
42813255
42822482
7856999681
42437124
42437124
42422283
42764638
42755244
42764615
42448254
42429342
42431661
42431684
42436492
42449010
42445263
42434910
42456101
42431684
42446478
42438509
42429342
42454196
42436551
42444506
42449010
42450468
42456107
42445426
42456115
42456115
3931519753
42449843
7641820943
371239962
42443096
42439497
4207962275
42443072
4207962275
42443081
42429693
42442889
42434912
42436651
42443050
42442960
42443068
42443068
42443048
42434175
42429340
42436549
42429340
42443068
42443056
42443032
42443040
42443027
42431659
42437445
42437445
42431681
42442881
42442857
1918039896
42874636
42753203
470205692
42841717
42841719
42820550
6390447202
5528117894
279224458
42883857
4202516283
42886437
2757013481
42825422
42805646
42883793
42841635
42881642
42881655
42883791
42848406
42883869
42852349
42807183
42852349
1701259361
42881650
42873633
42841635
42866238
42859859
42859859
42883865
42883841
42848823
42807183
42852347
42882644
42873660
42811027
5510448961
42883865
42817622
42816459
42884910
42883857
42852337
42846902
42852347
279224145
279224450
42873664
2757350455
42832358
42883881
42852372
42871469
42852323
42832358
42873607
42852365
7705287458
42879564
42879564
5396155918
279224144
42808957
42820546
42809145
42886437
2756629994
42883126
42845897
42886450
42874477
42910917
2756630012
6414891048
42787517
2757109767
7705287458
7721324055
42879049
42883122
276233404
42893083
42847888
746685018
2757013503
6414891047
7945565021
2757013720
3578836271
42809649
42809649
2757109793
42873327
42871444
42852365
42806732
42848819
42848823
42848840
42883788
7721324055
42841729
42873596
42813983
42841717
42846902
42817622
42852337
7858774412
42886407
2756630010
2756630012
42839269
42910917
42822315
2757013523
42860320
7721324055
42860247
42860202
42860278
42860233
3324555205
2295009540
42860184
42860167
42860161
2089937977
42883101
2282434963
277029681
2356694542
2282435288
496707003
42442902
42442933
5131026388
6330018917
6330018917
42435578
42847857
1413812673
42831053
5515778672
42923330
2716092125
2716092125
2716092124
42845057
42890072
42849388
4204976504
42868876
42868876
42816550
42807415
42848114
42890020
42884111
42884111
42884017
42889997
42889997
42889978
42889978
42887691
42889934
3531141563
42889908
42889852
42889852
42889852
42889796
42787658
42787658
42818794
1397143562
42888560
42443844
3786728678
5421218205
5421218205
7808314516
42808482
42808482
42870433
42858084
42858084
7808314516
7808325599
42870433
7762059071
7762059064
42808482
42808482
7785078377
42856804
42856804
7808325599
42435671
42432700
42435660
42442889
42442889
42442889
42442889
42823222
42863433
5489297455
42828893
42876365
42876363
2716092124
5601241053
42876384
42807304
7762094071
42819692
7762112554
7762059066
7762112549
7762112547
7762112548
7762273788
42445037
42734995
42445378
1701116536
42431000
42438052
42437841
42466454
42497784
42497784
42466454
42428436
272195271
42430384
6173564360
42454679
42440397
42424225
42424225
42836507
7622888739
5378686574
42831671
42831671
42846259
42894245
42858943
42858943
42919242
42843048
42903147
42903147
42832567
42906293
42836364
42874993
42831003
42831003
5380546241
42875036
42835483
42436285
761293063
42433252
42442764
42433064
42435873
42435755
42735697
42719455
42743993
42768178
42739791
42743990
42781101
42781101
2408359285
2408359297
42765717
2408359285
42730127
2408359297
42765717
42741047
42739795
42741047
42743990
42743984
42757917
42758066
42720029
42764773
42729857
2028328014
42729864
42464355
42464355
42490980
42490980
42477393
5666512608
42477469
42477497
42480769
42502575
42519420
1773311778
2377652105
2377652108
2377652121
42503153
2377652111
5391643301
42435663
42756130
42742613
42438971
42455662
42430482
42430292
1773055865
42766590
1348849426
1348849426
42730733
474743444
42735904
1348856219
42730733
443259220
42732527
5414871752
42753533
42735904
42732527
42730127
42438800
42427168
42427168
42447084
42432936
42435825
42421852
42442584
42442584
42442584
276069438
42434142
42429562
42433017
42433066
42453586
42427769
42849735
42859889
42735864
42773371
42735864
42765694
42845667
42845667
42932334
7777717149
42900529
42932334
42933813
42865493
5296265430
42766577
42766577
42766581
42766581
42766601
42766604
42766607
42751080
42719738
42753149
42753331
42753149
42753331
42739550
2860457738
4202524532
42438084
42456110
42456060
42456060
42454701
42445417
42448707
42445667
42428376
42439823
42435898
42435894
42434249
42435876
42435881
42435880
42434249
42434249
42764764
2329100897
42764764
2329100897
42856851
4202524532
42868269
42934596
42865386
42924362
42882175
42882175
42901306
42901306
42834389
42834389
42811678
42811678
7757099672
7757099673
42934609
42934609
42924362
42934596
42934596
42934596
42928903
42875574
42431611
42431611
42450035
42436486
42436486
42822319
42822325
42822325
42822448
42822328
42822334
42822337
42822347
42822364
42822364
42788115
42822379
42822383
42822409
42822409
42822430
42822476
42822451
278332618
42822563
42822572
42899741
42822388
42822530
42865497
5436126420
42852599
42852599
42852573
42811550
278223058
42852556
278223062
42832265
278223086
42852548
278223081
42852540
278223089
278223112
42852534
42810371
278223109
42852525
278223105
5421437707
42814047
278221581
278223056
42827169
42852595
42832280
42852609
42852618
5021215651
5021215651
5021215645
42828955
42828959
42828963
42828970
42828974
42828981
42828994
42827172
42828997
42829000
42829002
42811552
42829009
42815187
42829017
42829019
42829021
42829024
42814472
42814472
42829034
42810380
42829043
42829043
42829050
5421437703
42814051
5421437708
42852700
42852510
278215510
278217092
7762260265
42868269
42870273
42848236
42870470
42870470
42848236
42848236
42870291
6856077433
42876827
42866051
42886797
42894790
42884221
42748174
42776446
42748174
42732948
42748174
42745895
2826899798
42774181
42768288
42763800
42741101
42766943
42766943
42760950
42760950
42766971
42482398
42480120
42480149
1893285378
42484200
486867513
42429769
42431992
42437749
1272562931
42433064
42433062
42433062
42826940
6593145588
42826868
42826898
6795905097
276318087
42826864
42825534
42826875
42825534
42826850
42826843
42826843
5491803946
42895302
42895303
5491803931
42825882
42826823
42825882
42825882
42906413
42826823
42889760
42826820
42815748
3785702959
42826813
42826823
42826825
2629162213
42826820
42826813
2402842573
42826802
3785702959
2402842573
4573599938
42826801
42826801
42826940
2971841370
2971841368
6643455983
42844241
42866942
42433545
2971841358
42844306
42444960
5796726888
42433545
42864700
42889485
7622888739
7622888739
42735692
42735692
42735692
42735692
3530981364
42918359
42831551
5587763848
3530981360
3530981354
42923187
42854136
3530981345
42923178
3530981349
3530981347
42914655
3530981343
42810715
42911092
3530981339
42832116
261367305
7480301986
42923108
3530981372
42923163
42904930
1491225733
42923155
42884149
5396224542
3530981367
3530981367
42850729
3530981377
3530981381
42905690
42859805
3531141531
3531141530
3530981386
42853707
3531141562
42894815
1412695447
42901107
42916014
3531166325
42920958
42920958
42899461
42834969
42923074
42899464
42989117
42989117
42858910
42895295
7787796879
42811688
42843115
42854738
7761738933
7761738933
7761738932
7761738932
7761697801
7761697799
42933164
42933164
42933165
42933165
42817236
7761724020
7761710864
7761710857
7761710862
7761710862
42870204
7761699999
7761699999
42932703
7761604166
7761604166
7761604169
7761604162
7761604167
7761604157
42882595
7761532361
7761532350
7761532349
7761532353
42832707
6976100523
7761513257
7761513267
7761513261
5455232750
7761513243
7761475126
7761475125
42854490
7761475127
7761426970
7761426963
6976090576
7761426974
7761426946
7761392170
7761426953
7761426955
4209678999
42838723
4209678999
42860420
42869135
3326202757
280138667
7762059054
7762059068
7762059067
7762094066
7762094070
7762112532
8839866846
7762260245
2810212550
42493860
42508955
42508955
42477084
1372888723
42487481
42465462
42521198
5802138867
1258945659
278634702
42501409
3884569931
42444277
42467751
4202932335
42467751
3527276331
42491895
42465315
4708375542
42465312
42465322
588152191
42465343
42465301
42465270
4708375542
42465257
42465279
42465270
42465246
42465246
42465236
42464905
42491608
2282434911
2282434911
1701254136
42852639
5021215184
5021215191
5021215187
42852646
42821204
42821153
42832351
42894442
42878308
42894442
42863268
5396265665
42936979
280636423
42921128
42911549
42939570
42806126
2810212554
5489297452
42815579
42874078
2711571364
5601241053
42876363
42807796
7762112546
7762112549
2503677681
42874078
42818131
42874072
42808195
1905863520
42884226
42435825
42435814
1905863520
42435810
42491834
597773169
42465084
42464666
597773111
42520511
42520511
42510710
1372888590
42526708
42466815
42526708
42490268
42519583
42978400
42978389
42978389
42943867
42426420
42876468
5489297483
42867263
7762112543
42908453
42928914
42828902
42807254
42833204
42876980
42902743
42808570
2402842566
2402842566
42833510
42833510
42883008
42883002
42883008
42883002
3640860638
42759374
42759374
42746343
42746343
42730326
42730326
42758882
42758882
42775171
42775171
42746634
42746634
42746634
42746626
471825367
5499452076
5499452076
7762112541
42843759
42843753
42880238
42826545
5271938485
277631097
3306877608
42922555
42890706
42890706
42787636
42787636
42787636
42787636
42890762
42890762
42890774
42890774
42837698
42837698
42837698
42837698
42884260
42826504
42826500
42826496
42847239
42826491
42847231
42847234
42912417
42912417
42912475
42912475
42912504
42912504
1884810482
1884810482
42906645
42906645
42805753
42805753
42897859
42837828
42836582
42837828
42837792
42837788
42837797
42837795
42834804
42834804
42837810
42837810
42837818
42837820
42829166
42837775
42812990
42812990
42837741
42936930
42837750
42818637
42515010
42869366
42899468
42891045
42886812
3531166331
3531166323
42821870
42834729
42934174
42936401
42939570
42882091
42843896
42843896
278332618
42843857
42843854
42843848
42785768
7744129774
42843775
42843783
42881704
5482177473
5482177473
8452108001
1275778479
42843619
3325564436
42807105
42807132
42807132
42843686
42843713
42843724
42523691
2312641457
42523691
42523691
42466299
42878427
42488076
471766584
2757492815
42449597
42427412
42437401
42427411
42433718
42437401
42433718
42724404
42769581
42771101
42730961
42730967
42734400
470208474
42742234
470207824
42722557
42474960
42858334
42838763
3451511635
42879267
2089937894
277629665
5329772415
42478859
42478859
43005581
43005581
42959413
42948272
43007813
42948272
42954725
43007816
43007805
42961222
42954725
43024690
2991227723
2991227723
42943619
42994661
42979372
42954760
42965137
42977319
42977319
42977323
42977323
42951200
42951197
42943941
42988937
42989234
42988988
42437222
42448390
42443804
42437768
42437768
42431617
42437222
42439613
1544555390
42719631
1544574096
42719583
42719583
2024846056
2025165419
42747057
5327491109
42747057
42757813
2408438463
2408438450
42743020
2408448905
42996874
2571871417
42947907
42947895
42908162
42908162
42907463
42907463
42815242
42928914
42864919
42955040
42832689
42929117
274283981
42900772
274283981
42843235
42843235
42815242
42933161
3324555400
42933161
4656655851
42864919
42815212
4207259625
42815214
3324555176
42864784
42884838
42864784
42884838
42884838
42947856
42947856
42980934
42909571
42947856
42947914
42989997
448061136
42953865
448056297
3630592208
42822421
7762273788
42835445
42880529
42829095
3778416706
42874612
42874622
42874625
42848475
42476382
42476374
42460617
2800241803
42465054
42465054
42476340
42476335
42476290
42476300
42467266
42476292
42476292
42476290
42476288
42514776
42475050
42474905
42514785
42471651
5540858345
597783018
7945824327
42519095
42431678
42965716
42965665
42965166
4202699386
42965649
42965636
42505576
42965649
42505576
42496060
42490236
42491871
42489214
42489214
42489214
42489214
42516930
42502040
42502040
42525229
42519385
3509309096
42468821
42503026
42469020
42469026
42469036
42469047
42469048
42469048
598784398
246901366
42739243
2408355551
2327276565
2912071067
2327276551
42769873
42763869
42738841
2860409211
42738803
42737292
42737292
42738841
42935603
42757786
42737353
42757789
42737353
42760370
42760370
42735916
42427386
42849735
42828340
4207936828
2317435442
4675951943
261367305
4204979727
42870244
42819599
42807843
2844853151
42743604
42743604
42760350
42760204
42760204
42760383
42760396
42760396
5549244491
5920736497
42768980
42731586
42743610
42743610
42732794
42752485
42752473
42752473
42757810
42738405
42738405
42737338
60653722
42749579
42749584
42749587
42749587
42757406
42751217
42757412
42757412
42757419
42749630
42757419
42755183
3641001413
42757424
42753509
42742041
42757424
42437962
42870235
276207582
2844853152
42817805
2844853157
6166969757
1506445711
42466491
42466266
42529939
42470387
42501896
1372888859
42465236
42499403
42478436
42491627
42469640
42520292
42524173
42747216
42747216
42775292
7738506172
3040306430
42809980
42880850
42880850
42730944
42730944
42745599
42770062
42749910
42753880
42778795
42844959
42844959
42769898
42740863
42747810
42733450
42731002
42769905
42769905
5327525600
5327525600
42743357
1396352292
42719570
42427926
42741732
42741735
42730846
42730846
42730854
42730854
42730861
42730861
42737046
42737052
42765224
42830669
8229508970
8229512422
42504093
42504093
42467503
7711304351
42499081
42504106
42504109
42504109
42499797
42486705
42504174
42844498
42844498
8177774891
8177774891
8177774891
42844490
8234915475
4396950894
42827463
42871307
42871307
42871290
42871290
42871287
5176490242
5176490242
42509758
5176490242
42509758
42469011
42469007
2329230147
2329230147
42739325
42739325
42731099
42731099
42741118
42754847
42731097
42741118
42754847
42755701
42756119
42756119
2024825501
2024822088
6882678606
42763905
42772845
2024846063
42772898
2024833545
2024833540
42849730
42849730
42733621
42769441
42739214
42739214
42759823
42759823
42759823
42760042
42740434
42740434
42759832
42759832
42759838
42759838
42740279
42740279
42753809
42753809
42759849
42759849
42759859
42759859
42759864
42759864
42748311
42742684
42746563
42757761
3590617481
42757772
42757767
42748425
42746557
42773322
42748417
42754962
42732978
42739778
42733397
42733397
5333103777
42759515
42720093
42766986
42766986
42759515
42759515
42778041
42751871
42751871
42760322
42760322
42733367
42733367
8600764327
277482339
42761943
597700358
42766788
42766788
42756708
42756708
42753856
103001653
42754039
42756701
42911782
597294545
598433545
42465664
598308332
42465857
42465704
42465871
42465728
42465917
1372888890
42465746
3324555208
42809642
42809642
42809630
42809630
42809624
42809624
42809615
42809611
42809618
42809622
42809596
42809596
42809602
42809602
42809589
42809568
42809554
597688968
42809554
7705290887
7705290887
42809568
42809543
42819015
7721324060
42899669
7721349823
7721349824
42827936
42899649
42899648
42839191
42866096
42806673
4964921404
42885330
42885330
42899616
42894577
42821305
42899607
42864493
42864721
42827936
5780106494
276315007
7705379689
276299113
42864890
42786819
42843678
42864890
42786819
4733889768
42466244
42807516
42807516
42881545
42881545
42835932
42835932
42833108
42833108
42877607
42877607
7751941793
1397764142
3661361829
42739246
7705297642
7705297642
42885415
42885415
42845928
42880529
276314179
276314179
42834180
42834180
42896942
42786540
42786540
42834120
42834120
1413812673
42807148
42880712
42807119
42807117
42807113
42807109
42807108
42807106
42807102
42807097
42806450
42807061
42807056
42807059
42807048
42807048
42807047
42807047
42881200
42845922
42871323
42871319
8626106408
42772946
42771447
2809260204
2327869266
42771447
2024871172
2025097138
2024871213
42752592
42742618
42742618
42768639
42737986
42768644
42768626
42765939
6336148041
42911464
42738562
42741778
42782151
42782151
42739311
42739311
42756052
42731099
2554517147
42843745
42843749
42843753
42843877
42889937
3531141563
4029093919
42889948
42882529
42884111
42890011
42890012
42890016
42890020
42890043
42890053
4204976504
42870538
42870538
3531068063
42894989
1884810511
42836002
1491225774
3531141527
3531141528
3531141548
461221358
1398902754
42847868
42909259
1794656793
5513142013
1398902754
42904122
42818958
42909266
42837367
5513142014
7717168332
3324555218
277031659
42814124
42889573
42775297
42775297
42763139
42763139
42761233
42761233
42761233
42761233
3638058983
3638058983
42737695
4207700494
4207700494
42932671
42841282
5921270058
2700932484
2700932484
42841288
42841288
7246510487
42739948
42751717
42756736
42745153
42756720
42756707
42756708
42744518
42753569
2663757154
2663757214
2663757235
2663757134
42733253
42733228
42747751
42747763
42733228
42756052
42739298
42739298
42748933
42764835
42764835
42764835
42741128
42763676
42756087
1544953799
42762518
42762518
42720013
42720013
42734004
42431257
1765378860
42742739
42749504
42517106
42496674
42496674
5435873483
42477549
42501174
42517094
42496680
42882555
42833924
42889085
42887158
42824584
42823417
42786672
42858972
42858972
277028680
2089937983
2089938005
2089938012
7705297645
7078440478
42885393
42885393
7705287458
42866051
42512336
42725357
5515778631
42841292
42928903
42914989
42928930
2553170592
42858276
42858276
42902610
5369226516
5369226615
42428368
42476673
42476656
42479372
42479372
42506516
42514451
42506516
42520808
474744395
42816150
42490957
42491429
42506832
42523048
42475764
42490339
42477980
42468744
42505389
4207788769
42482424
42505393
42482433
42490339
42874954
42874954
42816154
2757168848
42509213
42491222
42467934
42509228
42753779
42760339
42732618
42740037
5334655537
5299144310
5617167427
42492539
42491236
42491236
42509161
42472255
42509161
42535632
42479281
42479283
42520383
42509232
42464292
42463363
42512110
42512110
42471605
42512120
42512124
3325564444
42501192
42477555
3325564444
3325564444
8421773046
42492360
42492396
42496664
42511927
8421773046
42496656
42498587
42492360
42496664
6684570440
42499828
42477890
42477890
42496664
42496664
42521479
42521479
42511927
42499470
42499470
42870690
3325564445
42898582
42834436
42882249
3326202692
42811701
5146436896
5146436897
42889464
3326202690
42833728
5842229868
2812425179
3308988998
2408354100
42735771
42735771
3308988998
5327456902
42730050
5327456902
5327456902
5327456902
5327456902
42742618
42730749
42730752
42753821
42753817
42753817
42753817
42734898
42753817
42745308
42756686
42748776
42753809
42753809
2028361252
2028361263
2028328032
2028361294
2028327981
2028361256
42736247
42736247
42736247
42735809
42861099
42865497
42885444
42815676
42871334
7705033988
42845810
42862706
42885483
7705290887
7705290885
42866346
7705033987
42861985
2295544957
42843696
42843717
42843699
42843702
42843686
42843678
42843689
42843705
42843724
42843724
42810237
42864697
4964127728
42877719
42814251
42846322
42838570
42877740
2439690413
6778378707
3938728150
42866365
42866365
42846142
42842559
42846142
42818182
2063038040
7746695026
7746695025
42826005
42826005
42818182
42820704
42820704
42825985
42825989
42825975
42825975
42861221
42818471
42871997
42874602
42817450
3778313813
3778313813
3778345287
2776604937
42908364
42908364
6819995534
6819995534
42516258
42516250
42466959
42516233
42516233
42516233
42492346
42516245
42516267
42516276
42492340
42506695
42465002
42466983
42466980
42466974
42466971
42466967
42466947
42477907
42499160
42499172
42514361
42506685
42481580
42481566
6288749120
6288749120
6288749093
6288749093
42853557
5777684457
42868856
5777684467
42868845
5777684443
42814770
42814785
42814792
42814613
5488342542
42814618
42814627
42814631
42814648
42814633
42814653
42814661
42814681
42814681
42835219
42814687
42875196
42833633
42871855
42890845
42828692
42890290
42871955
42884056
42884063
42884076
42884079
42743984
42763694
42763694
42747506
42764792
42764798
2329230155
42748267
42763082
42736703
42736703
42764835
42748933
42753203
42775921
42758947
42730173
42750312
42737528
42751080
42751080
42766614
42774867
42771526
42771526
42754082
42732087
42747980
42758919
42747638
42770937
596455528
42740019
4864108989
42739864
5334677728
42739879
5334639170
42732626
5334677716
42732667
42781512
42751698
42771481
42783203
5488137150
42751637
42876339
42791433
5992099815
4207936799
42837223
42517107
42466967
42499160
42499160
42516250
42516258
42516267
42516267
42466977
42466967
42489071
42486677
42493911
42493909
42493905
42493905
42493905
42493905
42499483
42499483
42978415
42978415
42978408
42825544
42521443
42492119
42482240
42499177
42514366
42481558
42520247
42514949
42514949
42506685
42481580
42481580
42481558
42485016
42481555
42485016
42479161
42479161
2663757144
2663757111
2663757202
2663757141
279183419
42829135
1397137303
42861090
42912380
42769941
2907939255
3638058983
42900397
2034007416
42819655
42844248
42849630
597294548
42935231
42477970
42477970
42477968
42490956
42520216
42478001
42477995
42501318
42488286
42482433
42520715
42491453
42770851
42858638
42884076
42841471
42870984
42878026
42848742
42741849
3174844149
42844959
42827674
42899552
42827669
42881746
42978105
42953288
42962886
3552371779
43014377
3552373495
411548447
42977763
6937755088
42977763
42978240
43008497
42978240
43021655
6937755088
43021650
2897509180
43003233
42954299
43011028
43021650
43003233
42959124
42978105
42959124
42951197
42970249
42970249
42970247
1258962911
42978982
42964696
42950572
42950572
42950568
42953422
42978258
42978254
42952458
42841530
42731904
42886683
42947814
42972589
42947687
42965724
42965724
42947816
42947814
42963843
42954062
42989416
42969214
5895887388
42877247
42768512
42768516
42750596
42841577
5515778631
42739761
42731904
42739761
42750596
42769121
42750596
2025209370
2025097134
42769121
2025188849
1765378860
42492065
42492065
42470346
598050847
42859271
42892542
5118592268
42815720
42815720
42892533
3324555211
42864633
42892559
42892564
42892576
42892567
42864919
274304993
274304873
42807466
42469395
42492038
42469400
42482552
42482552
42760671
42742646
42742646
42742687
1580084784
42740369
42752162
42849245
42849245
42520393
42948751
3518743621
42993905
42962467
42962467
42955701
42955709
42955722
42955709
42955712
42955725
42955725
43014108
43014111
42994517
42973636
42948759
42981435
43000794
43010763
43004417
42815536
42903033
42903033
42482569
42482569
42481529
42504075
42481529
43018454
5043804684
42996772
42943862
42943862
42978389
42978389
42965836
42978384
42955743
42965730
42965730
42955743
42917848
42746937
42729992
42729809
42856246
3430220599
4203135149
42896778
42836329
42825933
42421941
42843573
42814482
42823469
42855308
42823469
42843577
42809943
42806571
42814482
42855308
42843577
42809943
7712120184
42843577
42851907
42880337
42859973
42896840
42896840
2262434175
42476779
42476779
42491152
42523539
42527635
42527635
42527635
42523854
5051959089
42526050
42467460
42467460
42475481
42467472
42469876
42481993
42421960
42787954
42907778
42485579
597269937
42859014
7830481998
42871656
42875084
42842761
42875036
42865618
42846684
42875079
42861611
42875059
42875064
42875054
42875042
42875036
42875054
42875042
42875020
42875020
42874973
42870426
42836367
42862733
42875001
42865575
42865575
42799097
42832571
42832571
42816130
42816127
42884311
7762094058
42835690
42835684
42835688
1064257409
42827837
42813714
42859982
42802987
42786909
42825306
42494061
42520930
42520930
42494061
42494061
42494061
42520930
42520930
42478455
42501909
42474970
42474970
42516387
42501909
42474971
42474971
1259822820
42492588
4202516287
42787979
42903502
4202517901
42857367
4202517901
42799925
42886946
42890345
42874771
42886898
42886670
42884191
42884194
42788553
42884181
42805818
42884181
5102126997
42886904
42805818
42886898
42846579
42846579
42835985
42846591
42914205
5813530029
42914193
42914206
42930298
42918269
42918269
42914193
42930298
42927592
42899147
6288749122
42810651
42914716
42934107
42915385
42915385
5916812944
42935673
42929059
42933847
42805555
42933847
42893649
42848157
42891516
42918548
42807354
42832862
42883407
42849568
6288749122
42884130
42904725
42831560
42920591
42920591
42919851
42884130
42816981
42891610
42871904
42846597
42927965
42884214
42890404
42890404
42873359
7728484548
42886437
2422186264
3430220604
3430220604
42453902
42912382
42474976
42520292
5369226512
42871602
6377436278
5369226512
5915005683
4696280971
4696280971
5146436880
42841950
42841945
5146436889
5146436893
42841942
42838850
42467507
42819566
7734633950
42849864
42882817
42827643
42848478
622232010
2987758879
3430220598
42839062
42835588
42823922
42862389
42494639
42494639
2806744591
2806744595
2806744593
42494087
42494087
42494644
42512579
42475559
42494066
42494066
42494066
42494066
42475551
42475551
42503878
42514717
42494080
42514710
42465043
42465043
42502392
42505571
42864789
42864789
42859942
42859957
42859942
42859957
42870249
5328215082
7705287458
42870320
42870325
42870335
42870338
42870338
42870338
42465072
42465072
42914238
42826535
42826523
42826508
42826518
42817272
5020036169
42853128
42831181
280138667
42824096
42826064
42825865
42825865
42824096
42826064
42826064
42826064
42810959
42902896
42830672
42853148
42830672
42818528
42826038
42826038
42882970
42882970
42849730
42824071
42824080
42826930
42843348
42843348
42821282
2807734605
276299051
7762059051
7762094053
42879724
2700927464
42832478
42832477
42808177
42808177
42880302
42880298
42880313
42866368
42880290
42866719
42880287
42866368
42880316
42864400
42841847
42864400
276314182
276314182
597414803
276314183
276299053
3785693731
276314947
276315699
4501711067
7705297642
276298577
276299310
2089938002
5329773024
3324555249
277787307
277786871
42867319
42512362
42512357
42512357
42485229
42485229
42509571
42509571
42501645
42501645
42509571
42488626
42509571
42488626
42509576
42509576
42509581
42509581
42469011
42469020
42469020
42469007
42468814
42467143
42468338
42475123
42475126
42475139
42475134
42475161
42475161
42475178
42470277
42475203
42475207
5992099815
42472573
42472573
42813255
42533686
42460255
42460255
42524046
42524046
42468144
42530084
42534515
42534515
42490837
42490837
42488583
42488583
42527946
42527946
42521667
42521667
42468947
42468947
42468947
42468947
42502118
42502118
42472453
42472453
42516918
42516918
42517180
42517180
42489178
42489178
42506110
42506110
42487793
3513768184
42472647
42492608
42512787
42512787
2323022218
42470568
42470601
42470612
42470609
2323022182
2323022182
2323022174
42487905
42487905
42487907
42487907
42466071
42466071
42466071
42466071
42487909
42487909
42465599
42465599
42465599
42465599
42461069
42461069
42464043
42461069
42461069
598357877
42461034
42461020
42461020
42460984
42490252
42751841
42751841
42727107
42760601
42849749
42849749
42906419
42818120
42825544
42825544
42825916
42825913
42825919
42825232
42825307
42859976
42859976
42859973
42859973
42833587
42880327
42880316
42880331
42896819
42896827
42896831
42860618
42833574
1942055303
42826545
277787662
42430680
42829128
42829132
42832407
42832432
42832419
42832407
42832419
42832425
42832425
42818654
42818657
42832432
42818666
42818657
5708663658
42465082
42465082
42465082
42536026
42536026
42487446
42487446
42856931
42832032
42927521
42889937
42939120
42875168
42875168
42875168
7849660987
7849660987
42834396
42834396
42885241
5515778691
42839470
5515778654
3564408926
42465040
42465040
42884204
42857349
42863282
42901078
42865497
42903773
42903773
42865888
42526002
42526002
42465927
42465774
42465767
42465924
42465945
42465797
42465794
42465950
42465963
42465810
42496071
42460215
42523971
42523999
42495242
42512280
42460876
42460876
42491751
42532331
42491754
42474976
42520304
42520304
42473537
541999506
42473537
42533546
42475491
42475491
42493249
42493249
42475034
42475034
541999199
1259822873
541999199
541999199
5924218322
42473549
42494055
42494055
42494050
42494050
42494045
42494045
42494033
42494033
42494030
42465040
42469606
7722348499
42474150
42825933
42817470
42506752
42506752
42506750
42486813
42499850
42809927
42464827
42464827
4735727610
4735727610
42464827
561035380
42838587
42492768
42440934
42443413
42428610
42438485
42429338
42428047
42446021
42903198
42816122
42824021
7762094059
42512006
3325564441
42519180
42496793
42496795
42496790
42496793
42496790
42513813
42513816
2089937652
42464808
4474163934
42842106
42839409
42842106
42811688
7732653971
7620631148
7620631148
42428892
561035349
42457735
42436134
42436894
42436129
42444928
42432598
42437368
42432706
42452365
42449550
42831859
42440966
42440960
42843612
42435702
42843597
5515218205
6397746196
42477655
5330321653
42484144
42809915
42809915
42474056
42494193
42513634
42513634
42467848
42467848
42527647
42527647
42527647
42527647
42520579
42520579
4202609197
6397746196
42934641
6397746196
42827602
42827602
42827631
42827631
42934477
42907497
42856741
42896523
2844853161
2795569886
42858920
42858924
42950568
42944469
42968018
42968018
42966409
42968023
42968020
42966409
42980934
42980947
42980968
42980947
42980947
42980947
42980944
42980944
42950558
42950558
42980934
42996871
42996874
42996885
42958881
42989483
42958881
42964552
4768598704
1372888757
42465483
42465462
42465469
42465495
42465454
42465444
42465462
42465494
42521221
42465807
42465457
42465956
1372888705
42465743
42521168
1372888833
42521168
42460896
42466807
42460911
42526699
42526035
42530050
42528701
42530054
42497297
42497297
42497281
42497281
42497275
42497275
42497275
42497275
3502364220
42497270
42473546
42473546
42503861
42503867
42465008
42473289
42465008
42465011
42873480
42874083
42833494
42874076
482655039
2711029280
2711029280
42436756
42439181
1773084405
1773084402
42482048
42491450
42505420
42491450
42477588
42520238
42485004
42485004
42474005
42827564
42881185
4202978775
42827564
1275778430
3325564426
42881151
1275778461
42490298
42478400
42478400
42521443
42517044
42492316
42471836
7722348499
42492059
42859859
42865497
42808866
42806080
7850257737
42829576
42829452
42865449
42865449
42865441
42865438
42865438
2700927468
2700927468
42810201
42865431
42864466
42847773
42851318
42823295
42865422
42785835
3326202682
3326202682
3326202703
5915005669
5369226495
3326202719
3326202719
42475980
42475980
42469903
42469903
42487567
1372888555
42514234
1372888596
1372888563
1372888563
7844650704
6163365564
5368627905
42904874
42923061
42899461
42861099
42843149
42848129
42860402
42848129
42860408
42860397
42860397
42831060
42843153
42831060
42843153
42833813
42843144
42843141
42843139
42843137
42445603
42509643
42496674
42520200
42496790
42510861
42523684
42492210
42492210
42492210
42466438
42492219
42448283
42448278
1567286111
42884218
42872532
42872532
42433138
42442766
42433072
42433072
42442734
42442738
42442734
42442734
42433066
42433066
42433066
42429035
42429017
42429029
42428090
42429023
42429017
42429023
42444069
42444069
42429029
42429058
561035370
561035370
561035370
561035369
42428956
42441950
6885524021
42441953
42434264
6979088367
42441949
42434264
42434264
42443513
42850328
42820134
42820134
42850328
42837177
42837177
7784094629
7784094627
7784094627
7779509376
3788223732
42866625
1942054127
42493945
1942053799
42497475
42467790
42497472
42497469
42497469
42497464
42497464
42497456
42497456
42497456
42489558
42489558
42509390
42502390
42505581
42505589
42465076
1260335132
42505595
42473603
42464938
42464938
42438928
1930487434
2821304145
42845132
42816829
42891391
42893523
42893523
42927845
42927845
42811362
599029203
1431716544
42474974
42524186
42474974
42524186
42518571
42473627
42496516
42496516
42496516
42496498
42520242
42467503
2530160374
42529162
7761381316
7761381307
7761381304
42843067
42843067
42880393
42880394
42880386
42880383
42880367
42880364
42838745
42838740
42838734
42816626
588181388
42889515
42869135
3326203365
280142513
42869158
2700932505
42868749
280230124
280230122
42854397
4209314025
42868785
7770021573
42822781
42822781
42865774
7770964258
5777684442
42868806
5777684448
42868816
5777684459
42858684
280137880
5455232765
42807376
42815638
42831103
42831103
42831092
2882092069
42831088
42831088
42831075
42831075
42831067
42831067
5515778652
5515778647
42847565
5515778645
5515778638
5515778684
42839022
5515778627
42917403
42816969
42880916
42879162
42871639
5515778115
42923373
5515778113
42785588
42823343
5515778110
2700932448
5515778108
42884275
42838156
42828772
42828408
42820968
42820968
1256670640
1256670640
7849660987
42861110
42822613
42822607
42834222
42834222
42876345
42875472
42871262
42923219
42914212
1491225733
2922103651
42788914
42792519
5777812585
42857018
5777837680
5777812585
5777812506
5777812544
5777812558
42881993
42859837
5777812508
42806300
42889365
42889330
2700932448
5515778108
2693871445
5895887388
5617165804
42889365
42889375
42873888
5515778626
42889499
3326202757
42889354
42831510
42889365
42889379
42735954
42936945
42936945
42787622
42787622
42858022
42858022
42867924
2924921657
2547440226
42899718
42868635
42868635
42882431
42882431
42863053
42863053
2924892681
42867981
42890754
42890754
42764970
42741110
42741110
2797690127
42769466
42753842
3881994564
3881994564
470209414
42722557
3400633004
65490374
42726587
42774990
1347943653
1347943345
1347943717
1347943778
42758744
42846591
42512274
2089938099
42428037
42444271
42437644
42437084
42454997
42430914
42430914
7499263656
42432060
42440743
5145531517
471288828
42922304
42905941
3788223755
3788223699
42887295
42922304
42922304
42887295
42820302
42863799
42863799
42820299
3788245304
3788245304
42927258
42873728
42873728
42499494
42498900
42504062
278632503
42499376
42469624
42464934
42479646
42513385
42866664
42896784
42896787
42896787
42801787
42896796
42896778
42514451
42514451
42822615
42817017
42886785
42822600
42865493
42865485
42865474
42865474
42926449
2553170592
42893807
2810212552
42851948
42884095
280866237
42870476
42870476
42835207
42835207
42879765
2700932416
42841930
42841916
3564408935
42842127
3564408940
42929365
42833206
42833206
42895034
7761381315
277672383
7761381315
42890311
1412695542
42816999
42817049
1412695526
1412695526
42807889
42807889
42928202
42916022
42916022
42900823
42900823
42886833
42886833
42861718
42861718
42865884
42871866
42871866
42834825
42805726
42834808
42834808
42834804
42837795
42837795
42937043
42937043
42853738
42853738
42894699
42894699
42889852
42928124
42928124
42936177
42936177
2766021248
2766021250
42881256
42901171
42888575
42888575
42903766
42903766
42884141
42884137
42884137
42884135
42884135
42884130
42884130
42884123
42884119
42884111
42810434
42884106
42884095
1411748167
4473424015
460003050
460003050
42873512
42450325
7776141503
42814738
42814731
42814731
42814726
42820875
42814720
1411748363
42805463
42841302
42841306
42812594
42820676
42845735
42814711
42839071
42816004
42816102
42816102
5334046180
42871591
42871591
3326202700
42834278
42841961
42785627
42817964
42849367
42859634
42878542
42845040
42878549
42808148
42808145
42808143
7776128982
42807396
42918565
42918565
42927854
42927854
42868845
5777684443
42878949
42878949
42849981
42927872
42927872
42848345
42848353
1259822905
541999215
1259822852
541999264
1259822865
541999206
42475569
42475569
42515508
42515508
42474338
42474338
42472336
42472336
42505098
42505098
42472539
42472539
42499580
42515153
42515164
42500913
42500913
42511653
42814405
42827792
42846236
42891430
42891430
7727481355
7727481355
5924291792
42891439
42896646
42896646
42898006
42898008
42898011
42898015
42898015
746685018
42837625
42809837
42874924
42900865
42858040
42858040
42858040
42858040
42818648
42818648
1012643029
1012642990
42837847
42890677
42890677
42878389
42878389
42889796
42890770
42890770
42890770
42890770
42890765
42890765
42890759
42890759
42890655
42890655
2931099257
2931099262
2931099261
42868003
2807664887
42867999
42855525
2931099253
2924892677
2924892676
2809909114
2809909113
2809909110
42867941
2924921658
42867928
42867911
2924921652
2924921648
42867907
2924921645
42838642
2924921643
2924921643
42867886
2924921641
42867876
2812430119
7727481339
42864751
2807212498
42867831
2807212492
2807213602
2807213606
42846212
2807212491
42482730
2922393073
42498139
42472614
2922393070
2922393068
42488967
598622329
598622330
598622246
598622198
598622248
598622324
598622258
598622331
598622261
598622296
598622263
598622240
598622265
598622291
598622267
598622290
598622272
598622288
598622281
42475146
42475173
42475198
42475205
42853113
42853113
42867862
2812430117
2809909114
2809909113
2931099274
42845232
2931099276
42829106
42512491
42512491
42460444
42498363
42498363
42498421
42498421
42495473
42495473
2441149061
2441149061
42498448
42498459
42498459
42497089
42518640
42518636
42489446
42489436
42498358
42498358
42503921
42822593
42822578
42822584
42829015
42829015
42439489
42445189
42435763
42437188
42437188
42437188
42442584
42434262
42440144
42434262
7729178781
42497855
42497855
42442584
42465062
42445196
5051485223
5051485223
42429552
42858334
42838618
42838618
42876384
42876390
42876430
42439236
42446152
42899447
42861095
42865493
42521313
42461098
42471463
42461089
42461078
42482667
42461078
42482667
2356694616
42496494
42807083
7788461043
42815499
7855335485
42901801
42807008
42882015
42788571
42929727
42917572
42817990
42895057
42906401
42432376
42914212
3531166319
740060236
740060236
42464844
42464844
43000929
43000929
43001119
43001119
43000929
42957879
42957879
43005812
43005699
42423189
42443066
42434175
7480301864
279151954
595105472
42841961
5146436915
42808686
5146436872
42841969
5146436865
42841975
5146436862
42841990
5146436901
5146436899
5146436898
42842015
42842023
42807649
42842042
42450468
607911351
8559975486
42899461
42899464
7810917043
6064029271
2262566514
42903553
42930068
42886269
5777812593
42936199
42854649
42927228
42930722
42867678
42812756
42812756
42854649
42810996
42810996
6148321879
6148321879
5521133997
42810738
6148322196
361436375
42810740
2814008664
4205079193
42892735
42892735
2795447518
42933765
8368050559
5521134000
42873790
42831125
42930559
42826342
42918111
42868785
42868785
42931686
42931618
42935622
42858443
6150262325
42900781
42940075
42940075
42841337
42939835
42841335
42841335
42939835
42932643
42888464
42888464
42817017
42846001
42921383
42890366
42846001
42846001
42811194
42940101
3531166329
42842006
42943580
42957741
42899461
42423189
42431898
370880739
42923215
42430375
42436754
42862155
42450061
277672383
42437451
42437436
42427991
42427985
42443000
42431680
42437425
42445972
42437425
42434384
42433513
42450057
42450057
42446138
42447196
42447199
42447182
42434895
42430479
42444453
595703226
595703226
42426374
42456711
3099327964
6813350876
2790581933
595491229
42739487
42739502
42739473
42739473
6223908602
42739446
42739435
6223908655
42736527
42730875
42758176
42758176
42763313
42763313
42769667
5412918342
42730700
42730712
42730712
42730829
42762677
2025097100
2025165412
42733799
2408369219
42741417
2024825511
2024817810
2408448920
42741423
2408448891
6096486615
5214547507
42741440
2408448893
42741436
2408448905
42741420
2408448907
42741414
2408446151
2408446156
2408393062
2408393069
2408393054
2408395832
2408369217
4606046834
2408355551
2408355536
2408355537
2408354081
2408354088
42735934
2408348788
2408348788
2028328040
2028328036
2025209411
2025209337
2025188844
2025165403
2025165415
42744542
42744536
42744538
42744537
42744537
42744518
42744500
42725071
42765851
42745421
42730931
42745429
42730926
42730926
42730915
42730922
42730906
42730898
42741534
42741534
42745376
42745376
42745387
42734400
42738457
42738457
42734630
42734626
3779086696
3779086696
3779079969
3779079969
42857808
42787319
42910812
42882122
42892162
42927293
3779065564
42903537
42865315
42865315
3788510263
42896488
7781255713
3788527063
7781255707
42854829
274281257
274187427
42865324
42824966
42793379
42851379
42787323
3788308883
3788308883
3788308883
3788309010
42851379
42875832
42875829
42836717
42854767
7767865927
42868955
42868962
7752550765
274302519
7767895275
7767939941
274302723
42832911
42832911
7767939924
7767939924
274302976
42818274
42809255
274302954
274280698
42869037
274301728
274301745
4202714749
274301547
274302006
274301521
274301521
274301488
274301488
7768209822
4209677286
42869128
42862527
4209677279
42847480
4209677274
42730005
42730005
42753795
42719990
42753795
42753801
42753801
42740989
42740989
280230120
42861812
5471815264
5471815250
42845590
5471815259
42868791
42822781
5137382107
7770964259
5777684458
42835146
7770959356
42868829
42902739
42788279
42891549
42845969
42882388
42845963
42747835
42765691
42743634
7554376042
474760036
474754881
474760036
42955020
42968144
42955020
2798962443
5666563265
4706491410
42976790
4205199498
42805847
1491225766
1491225765
2700932491
2700932474
42879846
2700932477
42879825
42861684
2700932461
42879794
42453175
42445037
42445037
42432594
42912467
42912482
42788656
42912482
42889884
42899010
42889884
42899010
42869324
42787881
42887230
42887230
7866717105
7866735490
42920003
42832370
42825860
42863659
42838341
42912520
42849745
42874349
42874349
42912515
42835523
42437436
42431680
42824861
459961709
42867636
457201032
457197240
457197240
277781301
42818669
42818669
42845339
42428043
42428037
42429340
42926923
42926923
42915653
42882857
3779614587
3779614597
42835647
42856709
3805380231
42838552
42838557
42819158
42837865
3530981341
2807664877
42837886
4205169116
42837860
42950551
42996862
42996852
42996862
42996852
42950544
42950544
42950551
42996852
42996852
42950558
42950558
42953366
42932348
42865698
42428645
42869329
561035355
42428931
42428922
561035357
42428917
561035353
42428913
42437612
1918039904
42446138
42445256
42446086
42446086
42446086
42444487
42446066
42445843
5154944978
42834906
42839412
42881815
42968948
42968902
42965581
42965588
7761782205
42839424
42469475
42434148
42817541
42469468
42429812
42455051
42449023
42449023
42434148
42450057
42445018
42822811
42817017
42817017
42939120
42861107
42845436
42899464
42932725
42822580
42976792
42976800
42976800
42976800
43015858
43015858
43015858
42921036
42905918
42939382
42900925
42900919
42887338
2807664878
42855624
42855624
42830772
42830772
42900877
42900877
42837617
42837609
42837595
42837600
42837583
5488564954
42814345
42905468
42905468
42823743
42787658
42918853
42845245
2796851377
42881230
42888418
42787712
42787700
42787696
42787690
42787681
42787681
42787673
42787673
42787658
42787644
42787644
42787641
42787641
42787614
42787608
42787608
42787608
42787608
42787590
42787594
42787569
42787574
42787561
42787556
42787527
42787527
2757013423
42787513
42787513
42787503
42787488
42787503
42787542
42787534
42812730
42817541
42879379
42879379
7728383885
7728383885
7728351484
42863643
7728361560
7728376516
7728351483
7728351483
42874504
42874504
7728361581
7728361581
42864671
42864671
42903293
42877384
42873364
42903283
7728361562
42818918
7728395221
42894956
7728361578
7728361579
42810596
42825606
42925494
42814368
42852746
42869821
42869821
42837658
42837647
42837647
42837658
42858036
42858036
42858032
42858032
42858015
42858015
42858009
42858009
42858006
42858006
42858006
2547440248
42882420
42843848
42868154
42868154
42855436
42905918
42939362
42937494
42937494
42855618
42855543
42890762
42890762
42927754
42830766
42882435
42912031
42912031
42858032
42858032
42915458
42809851
42864032
42903266
42926605
42912331
42822569
42822584
42822587
42870105
42834248
42835269
42884035
42822563
42786167
42832649
42832649
276207582
42861105
42514850
42446161
42447166
42447166
42890666
42830853
42882397
42890666
42868593
42868593
42837666
42803845
42837658
42529277
42476675
42527447
1942055328
1942055328
1942055328
1942055344
1942055283
1942055299
1942055297
1942055197
7415580071
42484942
42488240
42472528
42472525
42472629
42471628
42472620
42472614
2922393070
42478725
42464808
42488233
42488233
42488233
42857855
42901967
42857858
6316529998
42472539
42436637
42450456
42434904
42444485
42436537
42435497
42454189
42430050
42445225
42455693
42455662
42429970
5706568771
42427762
42434072
42440951
42443556
42443950
1241742627
42486316
42487588
42487594
42487594
42487588
42465434
42921176
42834536
42834536
42895372
42895372
4521706002
4554402632
4554402632
42430643
2295683405
42926844
42926844
42926844
42903553
42895394
5777812593
5777812557
42469640
493076959
2700932424
42879754
5146436900
2700932406
42842015
42842029
42878965
4209643124
42808590
42808585
42809328
2290963747
42836772
42808519
42829554
42876512
42939333
42819513
42880088
5272423079
5514048781
4202891649
5777812572
3586735314
42879947
42879928
42879924
4209661129
4209661129
42879924
4209661126
42879918
42879216
4209661114
42437663
42437663
427841053
42437670
3270031002
2922103655
2922103648
2922103647
2922103644
2922103639
2922103634
2922103626
42822873
7844736409
7844736408
42786030
4202594006
42822859
42822847
42822835
42819970
6272276287
42822827
42481948
42481948
42478471
42467302
42496556
42493638
42467083
42490221
42481975
42481975
42481975
42486245
541999342
42473632
42496504
42496504
42496502
2883847486
6656719528
6656719528
42999088
42976549
42995497
42976549
42999033
42970558
2922103659
5137382108
42822768
6673000140
6673000140
5137382118
42822727
42847602
42835219
42921059
2481877071
42446171
42446169
42435388
42447174
42447166
6680686985
42437663
42487870
42471906
42529915
42475807
42493668
42481663
42481659
42481659
42471092
1259822844
42481641
42481619
42481615
42481613
42481606
42489044
42489044
42520262
42517047
42471841
42520236
42498317
42498317
42428015
42428014
5777812564
42867388
42839228
42862951
42933770
42862993
42850049
6270642745
42985712
42848478
598043776
42503841
42503841
42866920
277385217
42866373
42860580
42812605
42817136
42817136
42817145
42817145
42817149
42817149
8096265649
6813394087
42445885
42880402
42442415
42428590
7802856365
42435660
42934596
42848238
7732571915
5763775589
42428858
5004570653
42439464
3718672443
42719913
60653878
60653878
42750715
42466024
42466034
42466040
42466040
42466042
42466042
42466049
42466049
42466061
42462450
42465991
42465999
42466002
42466011
42466011
42466011
42466024
42753536
42445994
42440144
42434855
42499380
42464955
42464955
42784073
5334655557
5334655553
5334655551
42768995
42762404
42756202
42756202
42769441
42769441
42741947
42741955
42741955
42765506
42761864
4443775465
279197625
42465362
5334046185
5334046197
5234919280
5334046205
5421246266
42899441
42808119
42871833
42874771
42449007
42424576
42439485
42470796
42470780
42470789
42470789
42470796
42466132
42899705
6909076648
42899699
7722419298
4207763060
42477215
42842950
42808053
2700932429
42853477
42469499
42468731
4207788767
42446353
42443556
5004570651
42441283
42822795
42492546
42425127
42443268
42479603
42436610
5838916777
42499172
42514351
42989586
42989586
42854734
42843107
42854738
42854729
42843115
42843107
42847351
42814622
42469653
42522063
7776059166
42846001
42437142
561035334
42442578
42442577
42490208
42490613
42471942
42508996
42521290
42505230
42482643
42465632
2356694616
2356694616
42473953
42447149
42447176
42436484
42450044
42443056
42443054
42442534
1061531807
42431102
42431099
42853138
597700354
42431099
1061531807
42442534
42443054
42450044
42449010
4202594006
4202594006
42466094
42465632
42466092
42470770
42470780
42470770
42508930
42508930
42487901
42488784
7074128090
42470714
42470714
42466150
42466150
2323022170
42470601
42465561
42435497
42453575
42450468
42446099
42433513
5838916777
42834690
42889285
42889285
42815430
42815430
42445976
42901310
7787730975
42836850
42836850
42929365
42498815
42440737
42470385
42439001
42439006
42497777
42520398
42478436
42735676
6415815570
42768504
42768504
42733951
42735676
42437965
42913739
42816655
42854803
42854803
42913739
42867122
42867122
42480298
42480256
42812594
42497773
42825303
42487597
42759595
42889423
42882299
42889076
42834420
42862226
42889415
42819216
42889427
2711571356
42844568
42850190
42428590
42519339
7770582324
4205909331
42521597
2302163468
42466873
42509142
42509147
42849727
42748103
1955950379
4026460325
1241742627
2317435487
42481771
5334946458
42504801
42512948
42513438
42461988
42758787
42767794
42758787
42743181
42767794
42758777
1241742563
7050687060
42763463
42763463
42495374
42485205
42460776
42460787
42461045
42461074
42460806
42460816
42429999
42440935
42455643
42429324
42432693
42434072
42431447
42435317
42435323
42424439
42435341
42421728
7801840675
42435331
42421728
42435336
42435333
42435341
42435336
7106818627
42421800
42421800
7802856341
7802856356
42435257
3586735314
4202944850
42797403
42880041
4202891651
42834557
42439170
42439280
42429664
42881454
42871339
7963480214
42842573
42842573
42856695
42856691
42913784
42913784
42913788
42876676
42876676
42893016
7761782205
42430342
42793624
42850698
42443077
3212472978
42437755
42870470
42876338
42817469
42817469
42817470
7529976544
593428194
42448852
42469606
42464531
42521018
42521021
42521021
2693557987
42825546
455495278
42535407
42531593
42535411
42488082
42488082
2565513722
42836150
2884003184
42819812
42910256
42883342
42444991
42858495
42888813
42940101
42807431
42854704
42889025
42888842
42806293
42870288
42505383
42492320
42841342
6271979446
42822703
42822697
42807649
42439406
5550244687
42770678
60925950
60926076
42427190
42427190
42436944
2757168850
5391550845
7979227443
42786077
42436719
5487036755
4202944856
4202944864
42826048
42868129
42789026
274308359
4207936819
42861292
2328480915
42504971
8400869524
8123359228
42495095
2377652139
2377652133
42770152
1544953812
1775260897
452246180
42488802
42488802
42475915
42512918
42735375
42741058
42741053
42741061
42741061
42741061
42741061
42769404
2827501292
2827501292
42750088
42508200
6194157368
42480960
6194157368
2547353412
42484529
6651646452
42475608
42475604
42467817
42467817
42809630
42809630
2141026505
42433781
43009423
42963309
42948483
42989410
42959885
43001973
42978137
42978098
42978098
42978095
42978095
42978115
42978111
42978298
42978289
42950819
42978137
42950819
42978160
2571915605
42954355
42977807
6935879830
42978200
42978209
6935879828
42978218
42954347
8264070984
42948994
43007981
43007990
42952414
43007990
43007972
43007752
42968842
43007752
42980459
43008057
42945091
42947577
42972814
42972652
5589863721
43008045
43008053
42945091
43016505
42947856
43010771
43010771
42962456
42956583
42972537
1934649341
1296181019
43014407
43012555
42983127
42983127
43008167
42958646
42958646
42954963
43014400
43014400
43014400
6171536236
4205366089
447771971
447759478
4205370408
42970558
3656043281
42956442
4205376089
447760303
3656043281
42956442
447772098
447764931
42818726
42818726
2377652100
42848221
42848218
42848203
42848191
42848211
42808509
42865376
42865376
42895038
42895038
60924188
42902739
42868626
7787730975
42842144
42842144
42856216
42811824
42811824
447761779
42890558
2711571387
2711571380
4207924103
42877073
4209632399
42843229
447761779
42833146
5334045996
42933164
42789072
42442288
42436374
42437773
42437773
42427744
42423295
42427744
592405093
42432000
42432000
42839172
42871408
42864885
42859237
42905875
42871383
42871431
42871418
42871431
42836364
42883150
42903928
42903928
42883150
6377436278
3564847735
42876339
42964736
42533558
42533558
42428966
561035376
42428970
561035378
42428984
42433068
42433115
42428978
42433046
42433080
42429466
42433097
42433115
561035374
42428964
42427824
42437914
246580466
42437909
42422258
42437914
246580466
42437909
42430589
42437914
42430589
42437909
246580736
42439345
42436968
42452015
42435644
427841053
597378958
1347130851
1347130851
1347130598
1347130598
42748103
1347292141
42730627
1347130825
1347292013
1347317194
1347292226
1347317521
1347292197
42748040
1347131087
42768056
42760246
1347130698
42760246
42730627
42773543
1347317305
42989781
42992281
42992292
42757656
42757656
1543888805
42757656
42757656
42727720
42501416
42501396
3639409450
42481825
42477045
42481825
42481831
42481836
5391643301
42481842
42481844
42502586
7965141332
42512842
42465194
42487762
42528479
42485354
2377652131
2377652123
2377652119
1773311774
42508991
42505036
42525408
42525010
42443403
42421996
42442469
42442492
42421741
42421737
1733614298
42442534
42442561
1807940789
42430745
42443363
42437305
42442557
42442567
42428329
42428329
42428329
42445766
42440163
42841553
7761265843
42865255
42849714
42878083
6288749106
6288749102
42858606
42900978
6288749116
42900978
42883435
6288749114
42933809
42854071
42890072
42890096
42895695
42786052
42810637
42890101
42514351
42514351
42514351
42492624
5113694935
2317435465
42515788
42530731
2279574046
2563105315
42530599
2317462499
42473746
2063064664
42512807
42493572
5511359246
42530580
2279612168
2563083423
2279612183
42530599
2317462499
2317462527
2317435475
2317435546
42512802
5511359246
2304845599
2279612168
2279612183
2279612182
6545280306
6545280301
42465016
42465033
6545280302
6545280304
42460654
43014532
42468662
42468662
42468662
42468662
42460204
42460204
42756605
42745890
42745890
42731517
5334872936
42492709
42475660
42513317
42492709
42512632
42523427
42492709
42521892
42523427
42523422
42470180
1257569597
42470169
1257570350
42470142
42468396
42468681
42468673
1257569848
42510881
42516862
1257569815
1273032288
42468686
1257569733
42468681
42486422
5423598758
42495675
42468439
1257570107
1273032433
42470148
42470165
42470156
42468681
42484873
42495626
4202789390
42484873
42495632
42477821
4202786883
42495652
42495629
42495632
42477821
42495703
42495698
42495652
42445011
42859969
42888709
42859969
42864383
42896812
7667163195
42727690
2329206035
4720620193
42739165
42739165
42747003
42763602
42776441
42734290
5329103237
42759462
42734305
42759462
42757307
42751983
8454214988
42764738
42764738
42749766
42742468
42749766
3640112336
42768540
42742476
42760885
3640112336
42742476
2827501292
42759888
7557632337
42759888
4202348586
42742468
4777154355
42742468
42768816
42742468
42768864
42432659
42432659
42432659
42432665
42432665
2141026495
2141026495
42439225
2141026518
42434246
2141026518
42434246
42434249
42735078
42746069
1347943288
42741101
42741101
1347317310
1858043580
448198291
2663757210
6937755088
6937755088
42983356
43021377
42980931
42980931
42967827
42967827
42980917
8462268865
2907939233
42731827
42744694
60921060
42743997
60921025
42769956
42761317
42743997
42731827
2907939238
42731827
42743205
42743238
42743369
42743184
42743302
42741595
42756620
42769898
42732307
42733450
43005422
43005422
43022503
43007314
2663757209
42978989
42978989
3552422359
3552422351
5049354235
3552422336
2663757209
42981287
5186081982
42516263
42466950
42466959
42506695
42502371
42466977
42439964
4205050930
43005151
42978948
42963833
43005172
42971750
43005172
42949531
43005234
42946903
42989587
43005314
43005183
42968719
43005151
43005177
42971750
42961177
42971112
42971120
42980978
42971120
42948810
42971137
42983360
43008094
43021918
43006872
42977465
42969175
42985635
42998654
42986677
42997601
42965144
42964282
42981945
43012371
43008068
42979833
42980181
42986677
42997606
42996907
42997611
42965144
42970095
42965150
42950582
42966848
42997606
43007323
42951309
42970095
42965137
42964287
42950582
42950578
5589863721
42980181
7762260254
42787716
42787722
42843765
42861663
42845420
42855874
42907664
3324555231
42843731
42843740
42843740
42858898
7725622855
7725622855
42882837
42813899
277030759
42831873
3324555218
42823431
42430680
62915549
42437379
42452084
42452084
42451593
42442850
42434142
42437770
42437770
42422283
42433229
42433229
42828674
42887286
42845951
42455643
42430989
42430749
42428595
42430989
42431000
42431004
42835888
42816684
42835883
42835881
42835912
42835912
42449021
42729148
42980968
42968869
42968869
42961830
42961830
42432847
42432847
42432847
42443614
42436705
42446991
42434085
42432856
42465476
42465548
42465548
42465586
42465539
42465580
42465537
42465568
42465533
42465561
42465520
42465561
42465498
42465548
42465548
42952822
42974994
42968133
42968133
42952438
42972458
42974647
42994860
42978274
42958230
43004236
43004236
42460374
42487972
42512284
42512330
42487932
42487972
42465622
42512290
42501103
42487972
42512290
42501103
42487972
42512292
42474301
42487957
42512305
42495404
42508759
42487949
42506028
42487949
42512318
42487939
42468249
42501956
42486125
42487936
42501956
42486125
42487936
42487928
42512330
42490047
42496595
42491754
42472428
42500494
42489636
42489151
42481750
42473666
42532251
42479483
42532251
3514063839
42513910
42512759
42505809
42481743
42492575
42515769
42464434
42481743
42532237
42481743
3514072654
42464435
42481738
42437654
42437654
42742609
42742739
42737957
42742974
42742600
5516750361
5516750361
1852181145
42754941
42768605
42754941
42759823
42768599
42768599
42768599
42762954
42762954
42735857
42735849
42735836
42735827
2408448918
42740516
42735873
42729992
42735842
42735836
42735824
7029503717
42733802
42773891
42735857
42735849
42735842
42735827
42735824
7029503717
42766938
42743421
4207700494
42761063
42748162
42761245
42761245
42748171
2411399009
2912071067
42736311
2912071063
42737547
42745190
42770177
42737547
2025209346
2025209352
2025209417
42723879
2896139476
42770173
42745194
2907939233
42740204
60924188
42759437
42759437
3001741335
42745204
42732035
42484205
42484205
42491136
42504046
42487054
42504050
42478369
2290999216
42850028
42877607
42850024
42809261
42908448
42908448
42886213
42886213
42899570
42870693
42513780
42511980
42499494
42490303
42496742
42513780
42499494
42490311
42536224
42496698
42496644
42490311
42490303
42536224
42484348
42496742
42467825
42467825
42499079
42467872
42466383
42467872
42466383
42467858
42467858
42467848
42467848
42467835
42467889
42467835
42467889
42822501
42837130
597294490
597294546
42766764
42769043
42731932
4965762905
42775603
42775607
470209113
42759015
42759015
42746544
42741043
42732974
42741087
42739770
42741065
42739770
42741087
42743425
42741043
42741065
42739770
42739785
42761265
42735050
42744092
42739755
596400280
42737467
42737472
42768584
42733404
42768584
42737472
42737472
7067086133
42739785
2408359283
42733773
42435422
42438547
42467831
42504062
42504068
42504068
42497683
42518693
4400225690
42488507
42502727
42497672
42521815
42517603
42497677
5649546987
2842884234
42516187
42466188
42496172
42524119
42526757
42466188
42488411
42516187
42496172
6558268289
42486341
42472185
4749827004
42491688
42494679
42464923
42475534
42464930
42471085
42472185
42499253
42487270
42475535
42475526
42473603
4749827004
42494675
42475535
42475534
42475530
42813705
42843678
42871329
42900018
42919651
42920362
42834197
42813709
42841242
42885415
42871393
42900018
42895425
42871360
42861582
42900020
42919651
42895425
42814500
1825841704
42831212
42880494
42866476
42836280
42866478
42866478
42866476
42870501
42870501
42876611
42824291
42824291
42881360
42881360
42865068
42865068
42865068
42855072
42811362
42864335
42842442
42808534
42818257
42894534
42877643
42908828
42935451
42922342
42851782
42893293
42873436
42914026
42876914
3789483334
42854763
42842472
4209632383
42849897
42818280
42851772
42842472
4209632387
42811352
42823995
42835590
42811352
42816011
42926908
42850876
42903829
42823953
42855102
42855102
42495318
42827808
42825879
42879564
1061531717
6223571521
1504153626
598643753
42478731
42499570
42499570
42433058
42442723
42442723
42442728
42423116
42439728
42439721
42439721
42439728
42427126
42827826
42827826
42926908
42919702
42435940
42453717
42444452
42453717
42442618
42435997
7491182059
42435997
42442618
42438247
42435940
42438247
42913363
42465376
42509517
42465382
42509517
42465399
42465520
42485203
42485203
42465427
42465427
42465343
42465362
277787662
42436355
7761279428
7761279412
42843427
7761279428
7761279413
7761381299
448139214
595314119
42431004
5004570630
42441535
42428043
42428027
42428020
42428007
42427996
42427979
42428032
42428027
42428012
42428007
42428003
42427972
42447317
42428032
42428020
42428012
42428007
42427985
42427972
42501936
7762260252
42896219
42879289
277630082
42896214
42896210
7853869817
277030948
42919954
42917424
277787652
277787655
277787648
277786864
2089937884
277628622
277787649
277628645
277787733
277617921
42868124
42789026
42824979
42868124
42835759
42870884
42835759
42727095
42746420
8957031158
42746629
42738730
596478728
5335060576
42724976
42727095
1347335780
1347130851
1347943582
1347130691
1347943229
42744060
1347292013
1347131049
42723993
42748058
42723114
42870884
42724995
42730342
42723094
42789072
7661878381
42874977
2359756764
274327726
7661878381
42478820
42844301
42815780
277629533
5173032607
42880699
1942055151
42881710
42895832
42880578
42907664
42861663
42856126
42843765
42863709
42856126
42881715
3324555401
42843769
42865014
5491079519
42814128
42814128
42445899
42443680
6223969260
277787280
42825887
42427335
42452107
277786880
277786880
277786880
277786880
1346351568
42445903
42445903
2025097132
42742681
42767057
42767057
42742681
42742681
42767053
42767053
42485646
42485646
42434827
42822472
42822692
42822670
5754270933
42907664
42861554
42837087
42843848
42843865
42843848
42808825
42843793
42843869
